770.000000 340.000000 3 0 2 0 0 1
440.000000 0.000000 1 0 2 0 0 1
770.000000 300.000000 3 0 0 0 0 0
370.000000 570.000000 0 0 0 0 0 0
410.000000 0.000000 1 0 0 0 0 0
770.000000 300.000000 3 0 0 0 0 0
770.000000 300.000000 3 0 0 0 0 0
770.000000 300.000000 3 0 0 0 0 0
770.000000 300.000000 3 0 0 0 0 0
770.000000 300.000000 3 0 0 0 0 0
770.000000 300.000000 3 2 1 0 0 0
0.000000 270.000000 2 2 0 0 0 0
370.000000 570.000000 0 0 0 0 0 0
370.000000 570.000000 0 0 0 0 0 0
770.000000 300.000000 3 2 0 0 0 0
0.000000 270.000000 2 3 0 0 0 0
410.000000 0.000000 1 0 1 0 0 0
0.000000 270.000000 2 0 0 0 0 0
0.000000 230.000000 2 0 2 0 0 1
410.000000 0.000000 1 0 0 0 0 0
770.000000 300.000000 3 0 1 0 0 0
770.000000 300.000000 3 3 0 0 0 0
410.000000 0.000000 1 0 0 0 0 0
770.000000 300.000000 3 0 0 0 0 0
770.000000 340.000000 3 0 2 0 0 1
330.000000 570.000000 0 0 2 0 0 1
770.000000 300.000000 3 0 1 0 0 0
370.000000 570.000000 0 0 0 0 0 0
370.000000 570.000000 0 2 0 0 0 0
0.000000 270.000000 2 0 0 0 0 0
770.000000 300.000000 3 0 0 0 0 0
770.000000 300.000000 3 0 0 0 0 0
410.000000 0.000000 1 0 1 0 0 0
440.000000 0.000000 1 0 2 0 0 1
0.000000 270.000000 2 0 0 0 0 0
